000017
000023
000032
000033
000034
000035
000036
000042
000044
000048
000061
000064
000066
000073
000077
000078
000089
000104
000112
000122
000129
000133
000138
000140
000141
000147
000154
000162
000163
000164
000171
000173
000174
000187
000189
000192
000193
000194
000198
000200
000207
000209
000219
000222
000225
000228
000235
000242
000250
000256
000259
000276
000278
000282
000294
000306
000307
000312
000325
000331
000337
000344
000347
000349
000359
000370
000372
000379
000382
000391
000394
000395
000400
000407
000411
000416
000430
000438
000446
000450
000454
000463
000468
000470
000476
000477
000484
000489
000496
000503
000508
000516
000518
000519
000524
000525
000526
000528
000535
000537
000544
000549
000550
000552
000555
000559
000565
000577
000583
000589
000592
000597
000609
000612
000622
000625
000632
000633
000635
000648
000654
000657
000671
000680
000685
000689
000695
000699
000709
000710
000711
000726
000729
000731
000733
000739
000740
000753
000754
000761
000764
000767
000768
000770
000774
000793
000796
000804
000805
000810
000812
000820
000822
000827
000828
000830
000845
000849
000850
000851
000859
000865
000867
000887
000889
000892
000898
000899
000900
000902
000904
000908
000912
000915
000919
000929
000936
000943
000950
000951
000954
000958
000962
000964
000965
000966
000967
000980
000987
000989
000991
000993
000996
000997
000999
001001
001002
001008
001010
001011
001014
001015
001024
001036
001043
001050
001064
001068
001071
001073
001077
001078
001079
001082
001101
001106
001113
001127
001129
001130
001140
001147
001151
001152
001156
001158
001168
001171
001172
001174
001182
001191
001194
001204
001205
001207
001209
001212
001214
001226
001229
001230
001234
001239
001240
001248
001263
001269
001270
001273
001279
001287
001299
001304
001309
001312
001314
001315
001323
001325
001326
001327
001332
001333
001345
001346
001348
001365
001378
001388
001390
001393
001395
001402
001404
001405
001406
001408
001418
001420
001421
001426
001427
001434
001436
001442
001450
001451
001453
001457
001468
001470
001479
001480
001483
001485
001486
001498
001499
001501
001504
001512
001515
001517
001521
001524
001526
001528
001529
001539
001548
001555
001556
001557
001563
001579
001580
001586
001590
001593
001594
001597
001607
001610
001611
001612
001627
001630
001633
001636
001643
001649
001650
001651
001654
001661
001669
001673
001680
001683
001684
001688
001690
001707
001708
001711
001713
001714
001717
001721
001723
001729
001732
001733
001734
001738
001739
001741
001750
001752
001754
001758
001759
001761
001765
001766
001768
001777
001787
001789
001800
001806
001809
001810
001825
001828
001832
001834
001836
001840
001841
001843
001853
001854
001858
001861
001864
001870
001892
001894
001896
001898
001903
001904
001906
001915
001922
001928
001930
001938
001941
001945
001950
001952
001960
001963
001971
001977
001978
001981
001985
001989
001995
001999
002001
002002
002004
002006
002012
002015
002020
002025
002027
002034
002037
002039
002042
002043
002047
002049
002051
002055
002061
002068
002069
002095
002096
002104
002108
002117
002120
002126
002132
002139
002151
002155
002156
002158
002166
002172
002176
002179
002186
002187
002191
002192
002193
002194
002196
002199
002208
002212
002215
002219
002221
002224
002234
002237
002238
002249
002253
002255
002256
002260
002265
002277
002279
002280
002284
002287
002293
002306
002310
002315
002318
002320
002321
002323
002334
002335
002342
002347
002350
002354
002359
002362
002368
002384
002392
002401
002403
002405
002410
002413
002419
002423
002433
002439
002442
002443
002445
002448
002458
002461
002465
002466
002468
002471
002472
002480
002481
002483
002494
002496
002500
002501
002502
002512
002514
002518
002519
002539
002545
002547
002554
002555
002558
002564
002569
002571
002572
002579
002590
002594
002599
002603
002609
002611
002627
002634
002635
002645
002648
002653
002662
002664
002666
002669
002680
002683
002684
002691
002697
002702
002710
002713
002715
002722
002735
002737
002738
002744
002745
002749
002755
002757
002763
002765
002766
002774
002778
002782
002783
002791
002795
002796
002801
002807
002816
002817
002820
002826
002834
002841
002844
002845
002848
002855
002858
002864
002866
002867
002868
002869
002870
002873
002881
002899
002906
002914
002919
002931
002934
002939
002953
002956
002957
002958
002962
002969
002975
002976
002987
002988
002989
002990
002992
002995
003002
003003
003011
003024
003034
003042
003047
003061
003063
003066
003074
003077
003085
003088
003100
003105
003106
003107
003108
003110
003116
003122
003124
003133
003134
003135
003138
003140
003145
003146
003147
003149
003150
003155
003157
003159
003161
003163
003169
003175
003181
003183
003184
003185
003188
003202
003204
003205
003211
003229
003233
003236
003242
003244
003247
003253
003254
003259
003260
003269
003270
003273
003279
003280
003282
003284
003290
003292
003303
003308
003320
003330
003336
003337
003338
003339
003343
003349
003350
003354
003356
003365
003367
003369
003373
003374
003380
003382
003392
003395
003396
003401
003408
003412
003413
003416
003417
003421
003424
003430
003433
003436
003439
003441
003450
003452
003466
003477
003487
003489
003491
003493
003496
003497
003499
003500
003506
003508
003509
003510
003511
003522
003524
003525
003529
003539
003548
003549
003550
003564
003565
003575
003576
003577
003585
003586
003588
003599
003603
003604
003605
003609
003614
003621
003622
003625
003627
003628
003629
003635
003642
003644
003645
003646
003656
003658
003662
003663
003664
003671
003678
003679
003681
003688
003694
003695
003698
003699
003700
003704
003705
003714
003732
003735
003740
003743
003748
003749
003751
003752
003758
003759
003763
003767
003773
003779
003781
003784
003786
003788
003792
003797
003807
003811
003817
003818
003827
003828
003830
003834
003847
003849
003856
003859
003860
003861
003865
003866
003874
003879
003887
003889
003890
003898
003899
003907
003912
003913
003921
003932
003935
003939
003945
003949
003953
003956
003961
003969
003970
003974
003983
003988
003991
003993
004005
004008
004009
004012
004013
004014
004016
004017
004023
004028
004033
004034
004035
004037
004046
004052
004058
004067
004092
004093
004095
004100
004106
004111
004120
004121
004129
004131
004133
004137
004138
004140
004146
004149
004152
004158
004163
004164
004168
004169
004170
004171
004189
004190
004196
004200
004201
004209
004215
004220
004221
004223
004224
004232
004237
004241
004247
004253
004255
004256
004263
004269
004270
004271
004272
004273
004280
004281
004283
004287
004291
004292
004296
004300
004307
004315
004318
004322
004325
004327
004333
004338
004339
004345
004347
004359
004360
004361
004370
004371
004372
004376
004379
004387
004389
004391
004392
004404
004434
004436
004441
004452
004470
004471
004479
004484
004496
004500
004502
004508
004510
004514
004517
004520
004524
004537
004540
004544
004548
004549
004551
004553
004562
004565
004566
004570
004571
004579
004584
004587
004595
004597
004605
004607
004611
004612
004622
004623
004625
004627
004628
004631
004634
004636
004643
004644
004648
004651
004656
004671
004675
004679
004683
004685
004686
004693
004694
004701
004702
004706
004710
004714
004715
004718
004723
004735
004737
004742
004743
004753
004754
004760
004773
004776
004782
004783
004790
004792
004794
004797
004799
004801
004815
004832
004836
004837
004841
004842
004846
004848
004849
004857
004869
004876
004879
004882
004885
004897
004898
004902
004905
004907
004910
004911
004913
004929
004951
004955
004958
004966
004968
004972
004974
004976
004984
004987
004990
004991
004992
004995
005001
005004
005006
005007
005016
005018
005023
005024
005026
005027
005029
005032
005033
005045
005052
005057
005058
005061
005068
005073
005078
005084
005086
005090
005093
005094
005097
005101
005107
005108
005114
005121
005122
005124
005129
005130
005134
005138
005143
005153
005168
005171
005173
005177
005181
005183
005186
005189
005190
005191
005202
005203
005208
005215
005217
005219
005223
005231
005236
005244
005245
005246
005257
005258
005260
005269
005283
005285
005288
005290
005292
005297
005303
005304
005307
005310
005311
005327
005336
005337
005338
005344
005345
005351
005358
005360
005363
005368
005369
005374
005388
005389
005391
005396
005404
005405
005406
005408
005410
005413
005414
005417
005420
005424
005433
005440
005445
005448
005450
005451
005453
005455
005467
005478
005487
005496
005508
005509
005511
005514
005515
005519
005524
005526
005527
005541
005542
005544
005563
005568
005574
005579
005582
005591
005599
005600
005601
005603
005605
005611
005624
005625
005630
005631
005636
005637
005639
005644
005648
005654
005658
005668
005680
005686
005695
005697
005699
005700
005704
005705
005710
005713
005715
005718
005728
005730
005731
005735
005740
005742
005752
005757
005764
005765
005769
005780
005783
005784
005786
005789
005796
005803
005805
005813
005814
005817
005821
005824
005826
005836
005838
005840
005843
005850
005851
005859
005860
005864
005867
005873
005881
005884
005885
005888
005889
005893
005895
005901
005903
005905
005908
005909
005910
005911
005920
005923
005930
005938
005947
005948
005951
005960
005961
005964
005971
005980
005983
005984
005990
005992
006004
006020
006023
006025
006030
006033
006061
006065
006066
006067
006070
006073
006074
006078
006088
006091
006095
006096
006100
006104
006105
006123
006130
006131
006134
006135
006140
006141
006156
006158
006162
006166
006170
006171
006172
006174
006175
006176
006177
006179
006180
006181
006183
006187
006189
006208
006221
006229
006230
006236
006238
006243
006247
006251
006262
006264
006267
006270
006272
006275
006279
006285
006289
006291
006299
006304
006305
006341
006344
006349
006352
006353
006363
006366
006367
006371
006374
006381
006382
006395
006400
006411
006418
006419
006427
006429
006433
006434
006436
006442
006447
006448
006455
006462
006466
006470
006472
006474
006475
006476
006482
006483
006486
006495
006499
006501
006503
006506
006515
006523
006536
006547
006548
006549
006550
006551
006556
006560
006564
006569
006595
006597
006602
006605
006609
006610
006612
006622
006626
006627
006635
006636
006637
006638
006648
006652
006658
006674
006684
006689
006694
006695
006697
006698
006703
006704
006707
006708
006714
006726
006727
006731
006735
006738
006740
006753
006755
006773
006777
006781
006782
006784
006794
006805
006806
006810
006822
006824
006825
006833
006836
006839
006840
006844
006845
006847
006848
006849
006852
006864
006866
006869
006874
006883
006887
006896
006899
006909
006910
006911
006912
006914
006916
006917
006919
006930
006939
006943
006947
006948
006950
006958
006959
006968
006971
006976
006983
007002
007006
007007
007011
007016
007018
007023
007025
007029
007033
007036
007039
007045
007050
007062
007064
007072
007073
007075
007078
007079
007080
007088
007089
007092
007093
007095
007105
007108
007113
007121
007125
007128
007129
007130
007138
007150
007152
007154
007163
007166
007168
007177
007180
007182
007184
007185
007193
007194
007197
007213
007214
007219
007222
007223
007234
007241
007243
007250
007256
007263
007271
007289
007295
007298
007308
007322
007323
007325
007327
007334
007336
007351
007361
007365
007369
007370
007373
007375
007381
007385
007389
007394
007396
007398
007410
007411
007413
007417
007419
007421
007425
007431
007437
007454
007458
007466
007467
007474
007477
007481
007483
007491
007493
007503
007513
007519
007521
007524
007526
007530
007535
007536
007538
007540
007544
007558
007565
007570
007572
007575
007578
007586
007590
007594
007600
007606
007611
007619
007621
007629
007631
007633
007637
007654
007655
007683
007685
007692
007696
007697
007704
007713
007718
007729
007735
007740
007748
007749
007751
007753
007762
007767
007775
007777
007781
007791
007795
007803
007809
007810
007814
007820
007831
007836
007838
007840
007847
007853
007854
007859
007863
007864
007872
007876
007877
007878
007884
007885
007900
007901
007908
007910
007911
007914
007915
007923
007925
007926
007939
007940
007953
007959
007968
007974
007976
007980
007991
007996
008004
008005
008008
008012
008017
008026
008040
008042
008043
008049
008051
008053
008062
008063
008064
008067
008072
008075
008076
008082
008083
008084
008095
008096
008106
008116
008117
008121
008127
008130
008137
008139
008142
008150
008163
008164
008166
008186
008199
008202
008203
008204
008211
008213
008216
008218
008223
008226
008235
008248
008250
008252
008253
008254
008260
008261
008262
008263
008269
008272
008280
008282
008301
008302
008310
008311
008312
008313
008316
008317
008322
008332
008338
008341
008342
008346
008351
008372
008374
008381
008384
008385
008398
008403
008409
008422
008425
008426
008427
008437
008442
008443
008445
008452
008453
008456
008462
008465
008467
008468
008470
008475
008477
008495
008506
008523
008529
008530
008533
008536
008558
008559
008568
008585
008587
008588
008595
008596
008602
008610
008615
008617
008618
008628
008645
008655
008670
008688
008690
008691
008699
008702
008710
008720
008723
008725
008731
008732
008738
008741
008744
008748
008755
008756
008757
008760
008764
008770
008771
008776
008783
008790
008806
008809
008811
008813
008814
008815
008819
008838
008840
008841
008847
008856
008862
008865
008872
008878
008879
008883
008885
008886
008900
008905
008920
008926
008930
008932
008933
008936
008944
008948
008960
008961
008962
008966
008967
008970
008971
008973
008975
008979
008980
008985
008987
008988
008989
008995
008999
009004
009005
009016
009018
009020
009027
009032
009036
009042
009049
009059
009063
009066
009068
009080
009086
009098
009099
009100
009108
009114
009117
009123
009136
009144
009148
009153
009160
009161
009166
009173
009175
009181
009184
009185
009191
009196
009197
009200
009208
009209
009215
009218
009227
009230
009238
009242
009245
009251
009252
009255
009259
009270
009271
009272
009285
009287
009288
009289
009290
009295
009296
009299
009306
009307
009308
009316
009324
009325
009327
009333
009339
009342
009343
009359
009362
009365
009377
009386
009388
009389
009393
009394
009398
009407
009410
009413
009417
009418
009419
009420
009421
009422
009429
009432
009446
009458
009460
009463
009465
009466
009476
009488
009490
009491
009496
009497
009499
009504
009508
009512
009516
009518
009520
009523
009524
009526
009528
009537
009541
009542
009545
009549
009551
009557
009562
009566
009573
009576
009577
009579
009584
009585
009587
009600
009605
009609
009613
009615
009618
009621
009629
009634
009637
009638
009650
009654
009656
009659
009664
009666
009668
009679
009684
009691
009693
009702
009703
009707
009709
009713
009717
009721
009734
009735
009749
009755
009756
009762
009763
009789
009790
009792
009797
009800
009805
009807
009808
009813
009825
009828
009832
009842
009851
009852
009855
009859
009860
009867
009868
009869
009872
009874
009877
009878
009882
009884
009887
009896
009911
009918
009926
009940
009942
009944
009945
009949
009961
